"Organisation","Branch","PersonType","Sex","First Name","Middle Name","Last Name","Initials","DOB","Father Name","Mother Name","Religion","National ID","Passport No","Passport Country","Passport Expiry Date","Job Title","Start Date","Email","Mobile Phone","Office Phone","Skype","Callsign","Office","Department","Office Country","Office City","Office Street address","Office Postcode","Office Lat","Office Lon","Exact Coord?","Home Address","Home Postcode","Home Country","Home L1","Home L2","Home L3","Home L4","Home Lat","Home Lon","Teams","Projects","Permanent Address","Permanent Postcode","Permanent Country","Permanent L1","Permanent L2","Permanent L3","Permanent L4","Permanent Lat","Permanent Lon","Education Level","Degree Name","Major","Grade","Year","Institute"
"Bangladesh Red Crescent Society","Dhaka","Staff","F","First1",,"Last1",,,"Father1","Mother1","Muslim",123456,123456789,"Bangladesh",01/06/16,"Proposal Writer","15/5/2007","f1.l1@BRCS.bl",1237584602,25658451,,"alpha",,,,,,,,,,"Home Address",,"Bangladesh","Dhaka",,,,,,,,"Permanent Address 1",,"Bangladesh","Chittagong","Anwara",,,22.2167,91.9111,"Bachelor","Arts","History","Second Class",2001,"Chittagong University"
"Bangladesh Red Crescent Society","Dhaka","Staff","F","First2",,"Last2",,,"Father1","Mother1","Muslim",123478,12345674,"Bangladesh",01/01/21,"Accountant",05/06/11,"First2.last2@brcs.bd1.l1@BRCS.bl",1237584603,25658452,,"bravo",,,,,,,,,,"Home Address",,"Bangladesh","Dhaka",,,,,,,,"Permanent Address 2",,"Bangladesh","Chittagong","Anwara",,,,,"Masters","Arts","Political Science","Merit",2008,"London School of Economics"
"Bangladesh Red Crescent Society","Dhaka","vol","M","First3",,"Last3",,,"Father2","Mother2","Muslim",123473,12345651,"Bangladesh","30/11/2018",,,,1237555021,,,,,,,,,,,,,"Home Address 3",,"Bangladesh","Dhaka",,,,,,,,,,,,,,,,,,,,,,
"Bangladesh Red Crescent Society","Dhaka","Volunteer","M","First4",,"Last4",,,"Father3","Mother3","Muslim",125573,1239651,"Bangladesh","30/05/2017",,,,1261655021,,,,,,,,,,,,,"Home Address 4",,"Bangladesh","Dhaka",,,,,,,,,,,,,,,,,,,,,,
"Bangladesh Red Crescent Society","Dhaka","Member","M","Member",,"One",,,,,"Muslim",,,,,,05/04/10,,,,,,,,,,,,,,,,,,,,,,,,,,,,,,,,,,,,,,,,
"Bangladesh Red Crescent Society","Dhaka","Life Member","M","Member",,"Two",,,,,"Muslim",,,,,,01/01/07,,,,,,,,,,,,,,,,,,,,,,,,,,,,,,,,,,,,,,,,
"Bangladesh Red Crescent Society","Chittagong","Member","M","Member",,"Three",,,,,"Muslim",,,,,,"15/03/2012",,,,,,,,,,,,,,,,,,,,,,,,,,,,,,,,,,,,,,,,
"Bangladesh Red Crescent Society","Chittagong","Honorary Member","M","Member",,"Four",,,,,"Muslim",,,,,,01/01/11,,,,,,,,,,,,,,,,,,,,,,,,,,,,,,,,,,,,,,,,
